1 0.54625 0.9325 0.539375 0.7866666666666666 0.524375 0.6283333333333333 0.523125 0.375 0.513125 0.33166666666666667 0.508125 0.28 0.515625 0.13166666666666665 0.525625 0.1 0.5375 0.08583333333333333 0.546875 0.09166666666666666 0.561875 0.13333333333333333 0.566875 0.19833333333333333 0.575625 0.24 0.581875 0.3433333333333333 0.581875 0.47 0.571875 0.5916666666666667 0.575625 0.725 0.569375 0.8016666666666666 0.554375 0.9016666666666666
1 0.4525 0.8808333333333334 0.4475 0.8741666666666666 0.443125 0.875 0.449375 0.8666666666666667 0.444375 0.8616666666666667 0.446875 0.85 0.443125 0.8466666666666667 0.445625 0.835 0.441875 0.8233333333333334 0.440625 0.7483333333333333 0.450625 0.36833333333333335 0.456875 0.2866666666666667 0.474375 0.205 0.481875 0.145 0.4875 0.13416666666666666 0.500625 0.15166666666666667 0.505625 0.20333333333333334 0.506875 0.315 0.500625 0.5233333333333333 0.479375 0.725 0.461875 0.8166666666666667 0.456875 0.8733333333333333
1 0.31875 0.8691666666666666 0.315625 0.845 0.318125 0.74 0.328125 0.6333333333333333 0.348125 0.5 0.408125 0.185 0.418125 0.15333333333333332 0.435 0.1225 0.46375 0.09916666666666667 0.47875 0.0975 0.4875 0.10083333333333333 0.489375 0.10666666666666667 0.479375 0.125 0.480625 0.15666666666666668 0.471875 0.20666666666666667 0.415625 0.45666666666666667 0.388125 0.53 0.363125 0.635
1 0.23625 0.9041666666666667 0.233125 0.9033333333333333 0.220625 0.8433333333333334 0.215625 0.7633333333333333 0.216875 0.7116666666666667 0.231875 0.5783333333333334 0.321875 0.19 0.361875 0.08166666666666667 0.36875 0.0725 0.37875 0.06916666666666667 0.386875 0.125 0.366875 0.20666666666666667 0.333125 0.3933333333333333 0.300625 0.5033333333333333 0.278125 0.5983333333333334 0.241875 0.7916666666666666 0.236875 0.8433333333333334 0.240625 0.895
1 0.23375 0.5458333333333333 0.231875 0.545 0.233125 0.5383333333333333 0.229375 0.5316666666666666 0.228125 0.5133333333333333 0.233125 0.48333333333333334 0.231875 0.48 0.234375 0.47 0.235625 0.435 0.249375 0.3516666666666667 0.258125 0.2733333333333333 0.261875 0.26166666666666666 0.283125 0.135 0.298125 0.08833333333333333 0.30375 0.08083333333333333 0.31125 0.07916666666666666 0.319375 0.11333333333333333 0.318125 0.13166666666666665 0.323125 0.16166666666666665 0.323125 0.18166666666666667 0.308125 0.24 0.304375 0.265 0.293125 0.3016666666666667 0.285625 0.35 0.276875 0.37833333333333335 0.269375 0.42333333333333334 0.258125 0.4716666666666667 0.254375 0.47833333333333333 0.245625 0.515 0.243125 0.5183333333333333 0.241875 0.5316666666666666 0.234375 0.5383333333333333
1 0.07375 0.8358333333333333 0.064375 0.8266666666666667 0.06125 0.8158333333333333 0.0575 0.8291666666666667 0.050625 0.8266666666666667 0.045625 0.7983333333333333 0.043125 0.745 0.048125 0.6866666666666666 0.083125 0.5033333333333333 0.134375 0.31 0.183125 0.17166666666666666 0.186875 0.15166666666666667 0.203125 0.12333333333333334 0.211875 0.095 0.22125 0.07916666666666666 0.2375 0.06583333333333333 0.2525 0.0675 0.26375 0.0725 0.264375 0.07833333333333334 0.254375 0.095 0.226875 0.20166666666666666 0.195625 0.29 0.148125 0.4583333333333333 0.129375 0.5116666666666667 0.110625 0.5866666666666667 0.101875 0.64 0.093125 0.6583333333333333 0.084375 0.7016666666666667 0.079375 0.705 0.074375 0.7216666666666667 0.076875 0.7333333333333333 0.071875 0.7366666666666667 0.073125 0.7483333333333333 0.069375 0.7566666666666667 0.070625 0.7883333333333333 0.076875 0.7916666666666666 0.078125 0.8283333333333334
1 0.615 0.8891666666666667 0.611875 0.8816666666666667 0.614375 0.5116666666666667 0.590625 0.16333333333333333 0.594375 0.10833333333333334 0.606875 0.065 0.61125 0.060833333333333336 0.616875 0.06333333333333334 0.626875 0.09 0.629375 0.11 0.643125 0.15333333333333332 0.664375 0.375 0.664375 0.495 0.648125 0.71 0.628125 0.845
1 0.72125 0.9775 0.720625 0.955 0.728125 0.9283333333333333 0.735625 0.8516666666666667 0.735625 0.8 0.726875 0.7116666666666667 0.705625 0.595 0.694375 0.455 0.656875 0.175 0.654375 0.125 0.66625 0.08083333333333333 0.67875 0.0825 0.698125 0.12 0.726875 0.23166666666666666 0.735625 0.3333333333333333 0.754375 0.43666666666666665 0.758125 0.55 0.769375 0.6666666666666666 0.771875 0.74 0.764375 0.8233333333333334 0.76 0.8375 0.751875 0.8316666666666667 0.754375 0.8416666666666667 0.749375 0.8466666666666667 0.750625 0.8583333333333333 0.743125 0.8633333333333333 0.749375 0.8783333333333333
1 0.82625 0.9691666666666666 0.830625 0.9366666666666666 0.845625 0.905 0.851875 0.7933333333333333 0.836875 0.6816666666666666 0.774375 0.44166666666666665 0.766875 0.395 0.744375 0.31333333333333335 0.724375 0.20166666666666666 0.713125 0.09166666666666666 0.725 0.09416666666666666 0.724375 0.08666666666666667 0.734375 0.07666666666666666 0.73625 0.0675 0.739375 0.085 0.748125 0.09333333333333334 0.733125 0.09666666666666666 0.773125 0.15833333333333333 0.786875 0.19833333333333333 0.806875 0.29 0.819375 0.32666666666666666 0.836875 0.42 0.881875 0.57 0.893125 0.6383333333333333 0.896875 0.78 0.894375 0.8266666666666667 0.878125 0.8733333333333333 0.861875 0.8933333333333333 0.864375 0.9016666666666666 0.858125 0.9216666666666666
1 0.1375 0.8258333333333333 0.130625 0.81 0.130625 0.7216666666666667 0.135625 0.7016666666666667 0.134375 0.69 0.138125 0.66 0.141875 0.655 0.141875 0.5866666666666667 0.149375 0.54 0.196875 0.3566666666666667 0.209375 0.3233333333333333 0.214375 0.29333333333333333 0.223125 0.2733333333333333 0.234375 0.22833333333333333 0.245 0.20916666666666667 0.249375 0.21333333333333335 0.246875 0.24666666666666667 0.234375 0.3416666666666667 0.228125 0.3616666666666667 0.221875 0.4083333333333333 0.211875 0.44 0.200625 0.49333333333333335 0.193125 0.545 0.189375 0.55 0.185625 0.5766666666666667 0.181875 0.58 0.180625 0.6083333333333333 0.175625 0.615 0.171875 0.63 0.170625 0.6533333333333333 0.164375 0.6716666666666666 0.155625 0.7183333333333334 0.155625 0.7333333333333333 0.148125 0.76 0.143125 0.8083333333333333
